3,3
0,51
0,2
0,544
10,308
10,307
0,543
11,31
10,306
0,542
10,305
10,304
0,541
10,303
0,540
10,302
0,539
10,301
10,300
0,538
10,299
8,17
0,537
11,30
10,298
0,536
10,297
10,296
0,535
10,295
0,534
10,294
10,293
0,533
10,292
0,532
10,291
10,290
0,531
10,289
0,530
10,288
11,29
10,287
0,529
10,286
0,528
10,285
10,284
0,527
10,283
0,526
10,282
10,281
0,525
10,280
0,524
10,279
10,278
0,523
10,277
9,7
0,522
10,276
0,521
10,275
10,274
11,28
0,520
10,273
0,519
10,272
10,271
0,518
10,270
0,517
10,269
10,268
0,516
10,267
0,515
10,266
10,265
0,514
8,16
10,264
0,513
10,263
10,262
0,512
10,261
0,511
10,260
11,27
0,510
10,259
10,258
0,509
10,257
0,508
10,256
0,507
10,255
11,26
10,254
0,506
10,253
0,505
10,252
0,504
10,251
10,250
0,503
10,249
0,502
10,248
10,247
0,501
10,246
0,500
10,245
11,25
10,244
0,499
10,243
0,498
10,242
10,241
0,497
8,15
10,240
0,496
10,239
10,238
0,495
10,237
0,494
10,236
8,14
0,493
10,235
10,234
0,492
10,233
0,491
10,232
11,24
10,231
0,490
10,230
0,489
10,229
10,228
0,488
10,227
0,487
10,226
10,225
0,486
10,224
0,485
10,223
0,484
10,222
10,221
0,483
11,23
10,220
0,482
10,219
0,481
10,218
10,217
0,480
10,216
0,479
10,215
10,214
0,478
10,213
11,22
0,477
10,212
0,476
8,13
8,12
10,211
10,210
0,475
10,209
0,474
10,208
0,473
10,207
10,206
0,472
11,21
10,205
0,471
10,204
10,203
0,470
10,202
0,469
10,201
10,200
0,468
